c this file is generated automatically by dimacs_tools software
c 
c graph contains 1056 nodes and 3088 arcs
p sp 1056 3088
c 
a 1 2 751.0
a 1 3 2690.0
a 1 4 2782.0
a 1 5 873.0
a 2 6 1275.0
a 2 7 1426.0
a 2 1 751.0
a 2 8 1188.0
a 3 9 878.0
a 3 10 738.0
a 3 1 2690.0
a 3 11 1763.0
a 4 7 1375.0
a 4 12 552.0
a 4 13 1594.0
a 4 14 738.0
a 4 1 2782.0
a 5 10 2737.0
a 5 1 873.0
a 5 14 2738.0
a 5 15 677.0
a 6 16 2149.0
a 6 2 1275.0
a 6 17 1577.0
a 7 2 1426.0
a 7 17 1555.0
a 7 4 1375.0
a 8 18 3088.0
a 8 19 1664.0
a 8 2 1188.0
a 9 19 537.0
a 9 3 878.0
a 9 20 1902.0
a 10 3 738.0
a 10 21 807.0
a 10 5 2737.0
a 10 22 1673.0
a 11 3 1763.0
a 12 23 738.0
a 12 24 1533.0
a 12 4 552.0
a 13 24 878.0
a 13 4 1594.0
a 13 25 1120.0
a 14 4 738.0
a 14 26 2653.0
a 14 27 738.0
a 14 5 2738.0
a 15 21 2690.0
a 15 5 677.0
a 15 27 2829.0
a 15 28 738.0
a 16 29 788.0
a 16 6 2149.0
a 16 18 1115.0
a 17 30 2147.0
a 17 6 1577.0
a 17 31 1255.0
a 17 7 1555.0
a 18 32 1577.0
a 18 16 1115.0
a 18 8 3088.0
a 19 33 1141.0
a 19 34 1426.0
a 19 8 1664.0
a 19 9 537.0
a 20 9 1902.0
a 21 10 807.0
a 21 35 738.0
a 21 15 2690.0
a 21 36 1534.0
a 22 37 928.0
a 22 10 1673.0
a 23 31 807.0
a 23 38 1586.0
a 23 12 738.0
a 24 38 807.0
a 24 39 1221.0
a 24 13 878.0
a 24 12 1533.0
a 25 39 828.0
a 25 40 1534.0
a 25 26 605.0
a 25 13 1120.0
a 26 25 605.0
a 26 41 1493.0
a 26 42 828.0
a 26 14 2653.0
a 27 14 738.0
a 27 42 2477.0
a 27 43 807.0
a 27 15 2829.0
a 28 35 2690.0
a 28 15 738.0
a 28 43 2782.0
a 28 44 878.0
a 29 45 605.0
a 29 30 650.0
a 29 16 788.0
a 30 46 1345.0
a 30 17 2147.0
a 30 29 650.0
a 31 47 1275.0
a 31 48 1255.0
a 31 23 807.0
a 31 17 1255.0
a 32 49 807.0
a 32 50 1533.0
a 32 51 807.0
a 32 18 1577.0
a 33 51 807.0
a 33 19 1141.0
a 33 52 1438.0
a 34 52 873.0
a 34 19 1426.0
a 34 53 713.0
a 35 21 738.0
a 35 54 1485.0
a 35 55 879.0
a 35 28 2690.0
a 36 21 1534.0
a 36 56 927.0
a 37 57 807.0
a 37 22 928.0
a 37 56 810.0
a 37 58 1673.0
a 38 59 630.0
a 38 23 1586.0
a 38 60 1258.0
a 38 24 807.0
a 39 60 878.0
a 39 24 1221.0
a 39 61 1534.0
a 39 25 828.0
a 40 61 828.0
a 40 25 1534.0
a 40 62 1021.0
a 40 41 676.0
a 41 40 676.0
a 41 63 1022.0
a 41 26 1493.0
a 42 26 828.0
a 42 64 609.0
a 42 27 2477.0
a 43 27 807.0
a 43 65 2987.0
a 43 66 807.0
a 43 28 2782.0
a 44 55 2690.0
a 44 28 878.0
a 44 66 2829.0
a 44 67 810.0
a 45 68 418.0
a 45 29 605.0
a 45 69 610.0
a 46 30 1345.0
a 46 70 788.0
a 46 47 807.0
a 47 46 807.0
a 47 71 1345.0
a 47 31 1275.0
a 48 72 878.0
a 48 59 475.0
a 48 31 1255.0
a 49 73 3860.0
a 49 74 474.0
a 49 75 3624.0
a 49 32 807.0
a 50 32 1533.0
a 50 76 673.0
a 50 77 884.0
a 51 32 807.0
a 51 33 807.0
a 51 76 1438.0
a 52 76 807.0
a 52 33 1438.0
a 52 34 873.0
a 53 78 610.0
a 53 34 713.0
a 54 35 1485.0
a 54 79 976.0
a 55 35 879.0
a 55 44 2690.0
a 55 80 807.0
a 55 81 1345.0
a 56 37 810.0
a 56 36 927.0
a 56 79 738.0
a 56 82 1673.0
a 57 83 738.0
a 57 37 807.0
a 57 84 1673.0
a 58 84 807.0
a 58 37 1673.0
a 58 82 810.0
a 58 85 2320.0
a 59 48 475.0
a 59 86 1206.0
a 59 38 630.0
a 60 86 751.0
a 60 87 1458.0
a 60 39 878.0
a 60 38 1258.0
a 61 87 738.0
a 61 88 1493.0
a 61 40 828.0
a 61 39 1534.0
a 62 89 581.0
a 62 63 677.0
a 62 40 1021.0
a 63 62 677.0
a 63 41 1022.0
a 63 90 2988.0
a 63 91 939.0
a 64 65 751.0
a 64 91 2104.0
a 64 42 609.0
a 65 64 751.0
a 65 92 878.0
a 65 43 2987.0
a 66 43 807.0
a 66 92 2950.0
a 66 93 807.0
a 66 44 2829.0
a 67 44 810.0
a 67 93 2690.0
a 67 94 879.0
a 67 80 2829.0
a 68 45 418.0
a 69 45 610.0
a 70 95 1080.0
a 70 96 610.0
a 70 46 788.0
a 71 96 677.0
a 71 72 336.0
a 71 47 1345.0
a 72 71 336.0
a 72 97 1631.0
a 72 48 878.0
a 73 49 3860.0
a 73 98 751.0
a 73 99 1891.0
a 73 75 476.0
a 74 100 2509.0
a 74 101 610.0
a 74 49 474.0
a 75 73 476.0
a 75 102 336.0
a 75 49 3624.0
a 76 50 673.0
a 76 51 1438.0
a 76 52 807.0
a 77 103 1206.0
a 77 50 884.0
a 78 104 924.0
a 78 53 610.0
a 78 83 1275.0
a 79 56 738.0
a 79 105 1763.0
a 79 54 976.0
a 80 55 807.0
a 80 106 1206.0
a 80 67 2829.0
a 80 107 873.0
a 81 108 1115.0
a 81 55 1345.0
a 82 58 810.0
a 82 56 1673.0
a 82 105 677.0
a 82 109 2459.0
a 83 78 1275.0
a 83 110 884.0
a 83 57 738.0
a 84 111 807.0
a 84 57 1673.0
a 84 58 807.0
a 84 112 1716.0
a 85 113 810.0
a 85 114 1394.0
a 85 58 2320.0
a 85 109 807.0
a 86 97 807.0
a 86 59 1206.0
a 86 115 1494.0
a 86 60 751.0
a 87 115 828.0
a 87 60 1458.0
a 87 116 1631.0
a 87 61 738.0
a 88 116 751.0
a 88 61 1493.0
a 88 117 2516.0
a 88 89 878.0
a 89 62 581.0
a 89 88 878.0
a 89 118 2418.0
a 90 118 677.0
a 90 119 905.0
a 90 120 1458.0
a 90 63 2988.0
a 91 64 2104.0
a 91 63 939.0
a 91 119 2752.0
a 91 121 871.0
a 92 65 878.0
a 92 122 738.0
a 92 66 2950.0
a 93 66 807.0
a 93 122 2987.0
a 93 123 806.0
a 93 67 2690.0
a 94 67 879.0
a 94 123 2738.0
a 94 124 738.0
a 94 125 836.0
a 95 126 1100.0
a 95 127 1066.0
a 95 70 1080.0
a 96 70 610.0
a 96 128 511.0
a 96 71 677.0
a 97 129 1594.0
a 97 86 807.0
a 97 72 1631.0
a 98 130 3461.0
a 98 73 751.0
a 98 99 1664.0
a 99 131 3676.0
a 99 98 1664.0
a 99 73 1891.0
a 100 74 2509.0
a 101 132 2557.0
a 101 133 2272.0
a 101 74 610.0
a 102 75 336.0
a 103 134 873.0
a 103 135 605.0
a 103 77 1206.0
a 103 136 697.0
a 104 137 673.0
a 104 78 924.0
a 104 110 1476.0
a 104 138 747.0
a 105 82 677.0
a 105 139 873.0
a 105 79 1763.0
a 105 140 2370.0
a 106 80 1206.0
a 107 141 1115.0
a 107 80 873.0
a 107 142 976.0
a 107 143 1008.0
a 108 139 1623.0
a 108 81 1115.0
a 108 144 807.0
a 109 85 807.0
a 109 82 2459.0
a 109 140 738.0
a 109 145 1394.0
a 110 104 1476.0
a 110 83 884.0
a 110 111 751.0
a 111 138 1677.0
a 111 146 650.0
a 111 110 751.0
a 111 84 807.0
a 112 147 677.0
a 112 113 751.0
a 112 84 1716.0
a 113 148 807.0
a 113 112 751.0
a 113 85 810.0
a 113 149 1307.0
a 114 149 738.0
a 114 85 1394.0
a 114 145 807.0
a 114 150 2648.0
a 115 129 751.0
a 115 151 1534.0
a 115 87 828.0
a 115 86 1494.0
a 116 151 878.0
a 116 152 2377.0
a 116 88 751.0
a 116 87 1631.0
a 117 152 738.0
a 117 153 2460.0
a 117 118 828.0
a 117 88 2516.0
a 118 117 828.0
a 118 90 677.0
a 118 154 1396.0
a 118 89 2418.0
a 119 90 905.0
a 119 155 1631.0
a 119 156 828.0
a 119 91 2752.0
a 120 90 1458.0
a 120 154 807.0
a 120 157 1168.0
a 120 158 605.0
a 121 91 871.0
a 121 159 738.0
a 121 156 2889.0
a 122 92 738.0
a 122 93 2987.0
a 122 160 1867.0
a 122 161 807.0
a 123 93 806.0
a 123 94 2738.0
a 123 161 2988.0
a 123 162 807.0
a 124 94 738.0
a 124 162 2689.0
a 124 163 738.0
a 125 142 884.0
a 125 94 836.0
a 125 164 1275.0
a 126 130 552.0
a 126 95 1100.0
a 126 165 984.0
a 127 166 788.0
a 127 128 1210.0
a 127 95 1066.0
a 128 127 1210.0
a 128 167 747.0
a 128 96 511.0
a 129 168 952.0
a 129 97 1594.0
a 129 169 1534.0
a 129 115 751.0
a 130 170 2273.0
a 130 126 552.0
a 130 98 3461.0
a 131 99 3676.0
a 131 132 751.0
a 132 171 418.0
a 132 131 751.0
a 132 101 2557.0
a 133 101 2272.0
a 133 172 976.0
a 134 172 878.0
a 134 173 976.0
a 134 103 873.0
a 135 103 605.0
a 135 137 605.0
a 135 137 605.0
a 136 174 1746.0
a 136 103 697.0
a 136 138 1746.0
a 136 175 788.0
a 137 135 605.0
a 137 135 605.0
a 137 104 673.0
a 138 136 1746.0
a 138 176 713.0
a 138 104 747.0
a 138 111 1677.0
a 139 105 873.0
a 139 108 1623.0
a 139 177 873.0
a 139 178 1623.0
a 140 109 738.0
a 140 179 1394.0
a 140 105 2370.0
a 140 180 810.0
a 141 107 1115.0
a 142 125 884.0
a 142 181 1275.0
a 142 107 976.0
a 143 107 1008.0
a 143 181 1085.0
a 143 182 1022.0
a 144 108 807.0
a 144 183 612.0
a 144 184 279.0
a 145 114 807.0
a 145 109 1394.0
a 145 179 738.0
a 145 185 2599.0
a 146 176 1812.0
a 146 147 1029.0
a 146 111 650.0
a 147 186 2148.0
a 147 146 1029.0
a 147 112 677.0
a 147 148 788.0
a 148 187 738.0
a 148 188 1255.0
a 148 147 788.0
a 148 113 807.0
a 149 188 878.0
a 149 113 1307.0
a 149 114 738.0
a 149 189 2782.0
a 150 189 947.0
a 150 114 2648.0
a 150 185 738.0
a 150 190 2737.0
a 151 169 751.0
a 151 115 1534.0
a 151 116 878.0
a 151 191 2377.0
a 152 116 2377.0
a 152 191 878.0
a 152 192 2516.0
a 152 117 738.0
a 153 192 605.0
a 153 193 1255.0
a 153 194 751.0
a 153 117 2460.0
a 154 118 1396.0
a 154 194 1115.0
a 154 120 807.0
a 155 119 1631.0
a 155 158 202.0
a 155 195 1221.0
a 156 119 828.0
a 156 121 2889.0
a 156 196 2851.0
a 156 197 751.0
a 157 194 738.0
a 157 198 1168.0
a 157 199 810.0
a 157 120 1168.0
a 158 120 605.0
a 158 199 1299.0
a 158 155 202.0
a 159 121 738.0
a 159 197 2752.0
a 159 160 751.0
a 160 159 751.0
a 160 122 1867.0
a 160 200 2714.0
a 161 122 807.0
a 161 201 807.0
a 161 202 3834.0
a 161 123 2988.0
a 162 123 807.0
a 162 201 2988.0
a 162 203 939.0
a 162 124 2689.0
a 163 124 738.0
a 163 164 848.0
a 163 204 372.0
a 164 125 1275.0
a 164 205 475.0
a 164 163 848.0
a 165 126 984.0
a 166 206 747.0
a 166 167 1281.0
a 166 127 788.0
a 167 166 1281.0
a 167 128 747.0
a 167 207 713.0
a 168 208 1494.0
a 168 129 952.0
a 168 209 139.0
a 169 208 878.0
a 169 151 751.0
a 169 210 2340.0
a 169 129 1534.0
a 170 130 2273.0
a 170 211 667.0
a 170 212 403.0
a 171 213 884.0
a 171 132 418.0
a 172 214 738.0
a 172 133 976.0
a 172 134 878.0
a 172 174 836.0
a 173 134 976.0
a 174 215 1677.0
a 174 172 836.0
a 174 136 1746.0
a 175 136 788.0
a 175 176 1610.0
a 175 216 139.0
a 176 175 1610.0
a 176 138 713.0
a 176 146 1812.0
a 176 186 1085.0
a 177 139 873.0
a 177 217 1115.0
a 177 184 1255.0
a 177 218 738.0
a 178 180 697.0
a 178 139 1623.0
a 178 219 810.0
a 179 145 738.0
a 179 140 1394.0
a 179 220 807.0
a 179 221 2648.0
a 180 140 810.0
a 180 178 697.0
a 180 222 1879.0
a 180 223 697.0
a 181 142 1275.0
a 181 143 1085.0
a 181 205 418.0
a 182 224 3924.0
a 182 143 1022.0
a 182 225 3087.0
a 183 144 612.0
a 183 226 807.0
a 184 144 279.0
a 184 227 738.0
a 184 177 1255.0
a 185 150 738.0
a 185 145 2599.0
a 185 221 807.0
a 185 228 2833.0
a 186 229 1410.0
a 186 230 984.0
a 186 176 1085.0
a 186 147 2148.0
a 187 231 890.0
a 187 148 738.0
a 187 232 1345.0
a 188 232 810.0
a 188 148 1255.0
a 188 149 878.0
a 188 233 1484.0
a 189 234 738.0
a 189 150 947.0
a 189 235 2504.0
a 189 149 2782.0
a 190 235 878.0
a 190 236 1161.0
a 190 228 677.0
a 190 235 878.0
a 190 228 677.0
a 190 150 2737.0
a 191 151 2377.0
a 191 210 677.0
a 191 152 878.0
a 191 237 2577.0
a 192 152 2516.0
a 192 237 751.0
a 192 153 605.0
a 193 238 1064.0
a 193 239 751.0
a 193 240 751.0
a 193 153 1255.0
a 194 153 751.0
a 194 241 1115.0
a 194 157 738.0
a 194 154 1115.0
a 195 199 355.0
a 195 196 828.0
a 195 155 1221.0
a 196 195 828.0
a 196 242 751.0
a 196 156 2851.0
a 197 159 2752.0
a 197 156 751.0
a 197 242 2851.0
a 197 200 828.0
a 198 241 673.0
a 198 243 807.0
a 198 244 1394.0
a 198 157 1168.0
a 199 157 810.0
a 199 245 697.0
a 199 195 355.0
a 199 158 1299.0
a 200 197 828.0
a 200 246 2752.0
a 200 247 932.0
a 200 160 2714.0
a 201 161 807.0
a 201 248 4345.0
a 201 249 878.0
a 201 162 2988.0
a 202 161 3834.0
a 203 162 939.0
a 203 250 747.0
a 203 251 1672.0
a 204 251 650.0
a 204 252 1703.0
a 204 163 372.0
a 205 164 475.0
a 205 253 435.0
a 205 181 418.0
a 206 166 747.0
a 206 254 610.0
a 206 207 1354.0
a 207 206 1354.0
a 207 209 1221.0
a 207 167 713.0
a 208 255 807.0
a 208 169 878.0
a 208 256 2341.0
a 208 168 1494.0
a 209 207 1221.0
a 209 168 139.0
a 209 257 887.0
a 210 169 2340.0
a 210 256 878.0
a 210 258 2614.0
a 210 191 677.0
a 211 170 667.0
a 211 259 552.0
a 212 170 403.0
a 213 171 884.0
a 213 214 873.0
a 213 215 788.0
a 214 213 873.0
a 214 260 751.0
a 214 172 738.0
a 215 261 1066.0
a 215 213 788.0
a 215 174 1677.0
a 216 261 3427.0
a 216 229 927.0
a 216 175 139.0
a 217 177 1115.0
a 218 177 738.0
a 218 227 1255.0
a 218 225 476.0
a 219 178 810.0
a 219 262 1202.0
a 220 179 807.0
a 220 263 836.0
a 220 223 836.0
a 221 185 807.0
a 221 179 2648.0
a 221 264 810.0
a 221 265 2737.0
a 222 180 1879.0
a 222 262 747.0
a 222 266 650.0
a 223 180 697.0
a 223 266 1812.0
a 223 220 836.0
a 224 182 3924.0
a 225 267 268.0
a 225 218 476.0
a 225 182 3087.0
a 226 183 807.0
a 226 227 836.0
a 227 184 738.0
a 227 226 836.0
a 227 218 1255.0
a 228 190 677.0
a 228 268 1206.0
a 228 265 873.0
a 228 190 677.0
a 228 265 873.0
a 228 185 2833.0
a 229 269 3763.0
a 229 216 927.0
a 229 186 1410.0
a 229 270 474.0
a 230 186 984.0
a 230 231 673.0
a 230 271 1085.0
a 230 272 1249.0
a 231 230 673.0
a 231 187 890.0
a 231 273 1115.0
a 232 273 807.0
a 232 187 1345.0
a 232 188 810.0
a 232 274 1623.0
a 233 274 836.0
a 233 188 1484.0
a 233 234 1394.0
a 234 275 807.0
a 234 233 1394.0
a 234 189 738.0
a 234 276 2460.0
a 235 276 807.0
a 235 190 878.0
a 235 277 1161.0
a 235 276 807.0
a 235 190 878.0
a 235 189 2504.0
a 236 278 2690.0
a 236 277 878.0
a 236 190 1161.0
a 236 268 751.0
a 237 258 751.0
a 237 191 2577.0
a 237 238 1458.0
a 237 192 751.0
a 238 279 1027.0
a 238 280 650.0
a 238 193 1064.0
a 238 237 1458.0
a 239 280 905.0
a 239 281 1086.0
a 239 193 751.0
a 240 193 751.0
a 240 282 1446.0
a 240 241 139.0
a 241 194 1115.0
a 241 240 139.0
a 241 198 673.0
a 242 196 751.0
a 242 246 790.0
a 242 197 2851.0
a 243 198 807.0
a 243 283 373.0
a 243 245 336.0
a 244 282 751.0
a 244 198 1394.0
a 244 284 1730.0
a 244 285 873.0
a 245 243 336.0
a 245 286 2088.0
a 245 199 697.0
a 246 242 790.0
a 246 287 610.0
a 246 288 3424.0
a 246 200 2752.0
a 247 200 932.0
a 247 248 646.0
a 248 201 4345.0
a 248 289 984.0
a 248 290 828.0
a 248 247 646.0
a 249 201 878.0
a 249 291 418.0
a 249 292 1258.0
a 250 293 747.0
a 250 294 1081.0
a 250 203 747.0
a 251 204 650.0
a 251 203 1672.0
a 251 295 1830.0
a 252 204 1703.0
a 252 295 713.0
a 252 296 1629.0
a 253 205 435.0
a 254 206 610.0
a 255 297 677.0
a 255 208 807.0
a 255 298 1357.0
a 256 208 2341.0
a 256 210 878.0
a 256 299 852.0
a 256 300 1798.0
a 257 301 634.0
a 257 209 887.0
a 258 302 1027.0
a 258 237 751.0
a 258 210 2614.0
a 259 303 1594.0
a 259 304 353.0
a 259 211 552.0
a 260 214 751.0
a 261 215 1066.0
a 261 269 1031.0
a 261 216 3427.0
a 262 222 747.0
a 262 267 1309.0
a 262 219 1202.0
a 263 305 836.0
a 263 220 836.0
a 263 306 1610.0
a 264 221 810.0
a 264 305 836.0
a 264 307 84.0
a 265 228 873.0
a 265 308 807.0
a 265 309 1299.0
a 265 228 873.0
a 265 308 807.0
a 265 221 2737.0
a 266 223 1812.0
a 266 222 650.0
a 266 306 1672.0
a 267 225 268.0
a 267 262 1309.0
a 267 310 7124.0
a 268 311 2598.0
a 268 236 751.0
a 268 228 1206.0
a 268 309 807.0
a 269 312 562.0
a 269 261 1031.0
a 269 229 3763.0
a 270 229 474.0
a 271 313 1210.0
a 271 314 1560.0
a 271 230 1085.0
a 271 273 939.0
a 272 315 227.0
a 272 230 1249.0
a 273 271 939.0
a 273 231 1115.0
a 273 232 807.0
a 273 316 1577.0
a 274 316 878.0
a 274 233 836.0
a 274 275 1115.0
a 274 232 1623.0
a 275 317 873.0
a 275 274 1115.0
a 275 234 807.0
a 275 318 2460.0
a 276 319 1115.0
a 276 318 807.0
a 276 235 807.0
a 276 318 807.0
a 276 235 807.0
a 276 234 2460.0
a 277 319 677.0
a 277 320 1394.0
a 277 235 1161.0
a 277 236 878.0
a 278 321 807.0
a 278 322 418.0
a 278 311 807.0
a 278 236 2690.0
a 279 323 751.0
a 279 324 1664.0
a 279 238 1027.0
a 280 238 650.0
a 280 325 1067.0
a 280 239 905.0
a 281 325 709.0
a 281 326 238.0
a 281 239 1086.0
a 282 327 612.0
a 282 244 751.0
a 282 240 1446.0
a 283 243 373.0
a 283 328 788.0
a 283 329 3032.0
a 284 330 905.0
a 284 331 1769.0
a 284 332 828.0
a 284 244 1730.0
a 285 244 873.0
a 285 328 336.0
a 285 333 373.0
a 286 245 2088.0
a 286 287 786.0
a 287 246 610.0
a 287 329 610.0
a 287 334 3546.0
a 287 286 786.0
a 288 246 3424.0
a 288 335 2407.0
a 288 334 452.0
a 289 248 984.0
a 290 248 828.0
a 290 336 1067.0
a 290 337 355.0
a 291 249 418.0
a 291 338 238.0
a 292 249 1258.0
a 292 337 2956.0
a 292 339 751.0
a 293 250 747.0
a 293 338 747.0
a 293 340 1887.0
a 294 250 1081.0
a 295 251 1830.0
a 295 252 713.0
a 295 341 336.0
a 295 342 1629.0
a 296 252 1629.0
a 296 342 713.0
a 297 343 605.0
a 297 344 1494.0
a 297 255 677.0
a 298 255 1357.0
a 299 345 2035.0
a 299 256 852.0
a 299 346 1778.0
a 300 302 896.0
a 300 256 1798.0
a 300 346 726.0
a 301 304 760.0
a 301 257 634.0
a 302 258 1027.0
a 302 323 1458.0
a 302 300 896.0
a 303 259 1594.0
a 303 345 2133.0
a 303 343 476.0
a 304 259 353.0
a 304 301 760.0
a 305 263 836.0
a 305 347 1476.0
a 305 264 836.0
a 306 263 1610.0
a 306 347 884.0
a 306 266 1672.0
a 307 348 890.0
a 307 264 84.0
a 307 349 1275.0
a 308 265 807.0
a 308 350 1210.0
a 308 351 1206.0
a 308 265 807.0
a 308 350 1210.0
a 308 348 1967.0
a 309 352 2550.0
a 309 268 807.0
a 309 265 1299.0
a 309 351 873.0
a 310 353 831.0
a 310 354 699.0
a 310 267 7124.0
a 311 278 807.0
a 311 352 738.0
a 311 268 2598.0
a 311 355 336.0
a 312 356 1447.0
a 312 269 562.0
a 312 357 2634.0
a 313 358 1141.0
a 313 271 1210.0
a 313 359 1394.0
a 313 315 1115.0
a 314 359 807.0
a 314 271 1560.0
a 314 316 1210.0
a 314 360 1299.0
a 315 357 1146.0
a 315 272 227.0
a 315 313 1115.0
a 316 314 1210.0
a 316 274 878.0
a 316 317 1255.0
a 316 273 1577.0
a 317 360 1342.0
a 317 361 751.0
a 317 316 1255.0
a 317 275 873.0
a 318 362 810.0
a 318 363 1317.0
a 318 276 807.0
a 318 362 810.0
a 318 276 807.0
a 318 275 2460.0
a 319 364 474.0
a 319 276 1115.0
a 319 277 677.0
a 319 365 1438.0
a 320 277 1394.0
a 320 321 1345.0
a 321 366 807.0
a 321 320 1345.0
a 321 278 807.0
a 321 367 558.0
a 322 278 418.0
a 323 302 1458.0
a 323 368 1798.0
a 323 279 751.0
a 324 368 790.0
a 324 325 677.0
a 324 279 1664.0
a 325 324 677.0
a 325 281 709.0
a 325 369 1426.0
a 325 280 1067.0
a 326 370 1221.0
a 326 327 751.0
a 326 281 238.0
a 327 326 751.0
a 327 282 612.0
a 327 330 1221.0
a 328 283 788.0
a 328 285 336.0
a 328 371 3111.0
a 329 283 3032.0
a 329 371 747.0
a 329 372 3582.0
a 329 287 610.0
a 330 370 751.0
a 330 373 1831.0
a 330 284 905.0
a 330 327 1221.0
a 331 373 790.0
a 331 374 871.0
a 331 284 1769.0
a 332 284 828.0
a 332 375 581.0
a 332 376 1258.0
a 333 375 558.0
a 333 377 3228.0
a 333 285 373.0
a 334 287 3546.0
a 334 288 452.0
a 334 372 713.0
a 334 378 1535.0
a 335 337 222.0
a 335 288 2407.0
a 335 379 4363.0
a 336 290 1067.0
a 337 290 355.0
a 337 335 222.0
a 337 292 2956.0
a 338 291 238.0
a 338 380 2492.0
a 338 293 747.0
a 339 292 751.0
a 339 381 884.0
a 339 382 605.0
a 339 383 1022.0
a 340 293 1887.0
a 341 295 336.0
a 342 384 388.0
a 342 295 1629.0
a 342 296 713.0
a 343 303 476.0
a 343 297 605.0
a 343 385 1426.0
a 344 297 1494.0
a 345 386 7397.0
a 345 299 2035.0
a 345 303 2133.0
a 346 299 1778.0
a 346 300 726.0
a 347 305 1476.0
a 347 306 884.0
a 347 349 884.0
a 348 307 890.0
a 348 387 1080.0
a 348 308 1967.0
a 349 307 1275.0
a 349 387 1022.0
a 349 347 884.0
a 350 308 1210.0
a 350 388 951.0
a 350 389 1664.0
a 350 308 1210.0
a 350 389 1664.0
a 350 387 1907.0
a 351 390 2782.0
a 351 309 873.0
a 351 308 1206.0
a 351 391 952.0
a 352 311 738.0
a 352 392 336.0
a 352 390 827.0
a 352 309 2550.0
a 353 393 782.0
a 353 394 2774.0
a 353 393 782.0
a 353 394 2774.0
a 353 310 831.0
a 354 395 751.0
a 354 396 5234.0
a 354 310 699.0
a 355 311 336.0
a 356 397 1000.0
a 356 398 276.0
a 356 312 1447.0
a 357 312 2634.0
a 357 315 1146.0
a 357 358 976.0
a 358 357 976.0
a 358 313 1141.0
a 358 399 1394.0
a 359 399 1141.0
a 359 313 1394.0
a 359 314 807.0
a 359 400 1395.0
a 360 400 873.0
a 360 314 1299.0
a 360 317 1342.0
a 360 401 788.0
a 361 401 1476.0
a 361 317 751.0
a 361 402 788.0
a 362 403 751.0
a 362 404 1994.0
a 362 318 810.0
a 362 403 751.0
a 362 318 810.0
a 362 402 984.0
a 363 318 1317.0
a 363 405 771.0
a 364 319 474.0
a 365 406 1008.0
a 365 366 1345.0
a 365 319 1438.0
a 366 407 1074.0
a 366 408 558.0
a 366 365 1345.0
a 366 321 807.0
a 367 321 558.0
a 368 323 1798.0
a 368 324 790.0
a 368 409 1458.0
a 369 325 1426.0
a 369 410 751.0
a 369 411 1967.0
a 369 370 630.0
a 370 326 1221.0
a 370 369 630.0
a 370 412 1867.0
a 370 330 751.0
a 371 328 3111.0
a 371 377 747.0
a 371 413 3937.0
a 371 329 747.0
a 372 329 3582.0
a 372 334 713.0
a 372 413 778.0
a 372 414 1733.0
a 373 412 828.0
a 373 330 1831.0
a 373 415 562.0
a 373 331 790.0
a 374 331 871.0
a 374 416 344.0
a 374 376 373.0
a 375 332 581.0
a 375 333 558.0
a 376 374 373.0
a 376 417 517.0
a 376 332 1258.0
a 377 333 3228.0
a 377 371 747.0
a 377 418 373.0
a 377 419 4371.0
a 378 334 1535.0
a 379 335 4363.0
a 379 420 3964.0
a 380 338 2492.0
a 381 339 884.0
a 382 339 605.0
a 382 421 552.0
a 382 422 884.0
a 383 339 1022.0
a 384 342 388.0
a 385 343 1426.0
a 386 345 7397.0
a 386 423 790.0
a 386 424 2407.0
a 387 348 1080.0
a 387 349 1022.0
a 387 350 1907.0
a 388 425 1227.0
a 388 350 951.0
a 388 391 373.0
a 389 350 1664.0
a 389 426 2035.0
a 389 393 4753.0
a 389 350 1664.0
a 389 393 4753.0
a 390 352 827.0
a 390 351 2782.0
a 390 427 738.0
a 391 351 952.0
a 391 428 279.0
a 391 388 373.0
a 392 352 336.0
a 393 389 4753.0
a 393 426 2718.0
a 393 353 782.0
a 393 389 4753.0
a 393 353 782.0
a 394 429 252.0
a 394 353 2774.0
a 394 429 252.0
a 394 353 2774.0
a 395 354 751.0
a 395 430 697.0
a 396 431 450.0
a 396 354 5234.0
a 396 432 1410.0
a 397 433 1222.0
a 397 356 1000.0
a 397 434 927.0
a 398 435 1623.0
a 398 356 276.0
a 398 436 738.0
a 399 437 1395.0
a 399 438 1074.0
a 399 358 1394.0
a 399 359 1141.0
a 400 437 1141.0
a 400 439 650.0
a 400 359 1395.0
a 400 360 873.0
a 401 439 878.0
a 401 440 697.0
a 401 360 788.0
a 401 361 1476.0
a 402 440 1412.0
a 402 361 788.0
a 402 362 984.0
a 403 362 751.0
a 403 441 600.0
a 403 442 2088.0
a 403 362 751.0
a 403 441 600.0
a 404 443 2280.0
a 404 442 807.0
a 404 362 1994.0
a 404 405 738.0
a 405 404 738.0
a 405 406 475.0
a 405 363 771.0
a 406 405 475.0
a 406 365 1008.0
a 406 407 1438.0
a 407 406 1438.0
a 407 366 1074.0
a 407 444 747.0
a 408 366 558.0
a 409 368 1458.0
a 409 445 238.0
a 409 410 790.0
a 410 409 790.0
a 410 446 2035.0
a 410 369 751.0
a 411 446 630.0
a 411 369 1967.0
a 411 412 600.0
a 412 411 600.0
a 412 373 828.0
a 412 370 1867.0
a 413 371 3937.0
a 413 372 778.0
a 413 419 782.0
a 413 447 984.0
a 414 372 1733.0
a 415 448 667.0
a 415 373 562.0
a 416 374 344.0
a 416 449 452.0
a 416 450 766.0
a 417 376 517.0
a 418 377 373.0
a 418 451 2516.0
a 419 377 4371.0
a 419 413 782.0
a 419 452 139.0
a 419 453 630.0
a 420 379 3964.0
a 420 454 403.0
a 421 382 552.0
a 421 455 848.0
a 421 456 1439.0
a 422 382 884.0
a 423 386 790.0
a 423 457 924.0
a 423 458 828.0
a 424 386 2407.0
a 424 459 581.0
a 424 460 842.0
a 425 388 1227.0
a 426 389 2035.0
a 426 393 2718.0
a 426 461 5393.0
a 427 390 738.0
a 427 462 788.0
a 427 463 890.0
a 428 464 747.0
a 428 391 279.0
a 428 465 1303.0
a 429 466 443.0
a 429 467 2948.0
a 429 394 252.0
a 429 394 252.0
a 429 467 2948.0
a 430 395 697.0
a 430 468 5839.0
a 430 469 9482.0
a 431 470 718.0
a 431 471 759.0
a 431 396 450.0
a 432 472 488.0
a 432 396 1410.0
a 433 473 1336.0
a 433 397 1222.0
a 433 434 673.0
a 433 474 3118.0
a 434 433 673.0
a 434 475 3310.0
a 434 397 927.0
a 434 435 873.0
a 435 476 738.0
a 435 398 1623.0
a 435 477 3397.0
a 435 434 873.0
a 436 476 1623.0
a 436 398 738.0
a 436 478 807.0
a 437 399 1395.0
a 437 400 1141.0
a 437 479 613.0
a 438 480 738.0
a 438 481 3625.0
a 438 482 1484.0
a 438 399 1074.0
a 439 479 1008.0
a 439 400 650.0
a 439 401 878.0
a 439 483 1687.0
a 440 401 697.0
a 440 402 1412.0
a 440 441 917.0
a 441 484 321.0
a 441 403 600.0
a 441 484 321.0
a 441 403 600.0
a 441 440 917.0
a 442 485 810.0
a 442 486 1672.0
a 442 403 2088.0
a 442 404 807.0
a 443 404 2280.0
a 443 487 279.0
a 443 488 821.0
a 444 487 677.0
a 444 407 747.0
a 444 489 3716.0
a 445 409 238.0
a 445 490 940.0
a 445 491 1827.0
a 446 491 517.0
a 446 411 630.0
a 446 410 2035.0
a 447 413 984.0
a 447 492 709.0
a 447 453 713.0
a 448 415 667.0
a 448 493 435.0
a 448 494 333.0
a 449 416 452.0
a 449 495 562.0
a 450 416 766.0
a 451 418 2516.0
a 451 496 581.0
a 452 419 139.0
a 452 497 1344.0
a 453 419 630.0
a 453 447 713.0
a 453 498 355.0
a 454 420 403.0
a 454 499 2751.0
a 455 421 848.0
a 456 421 1439.0
a 457 423 924.0
a 458 423 828.0
a 458 490 1742.0
a 458 500 2216.0
a 459 501 333.0
a 459 502 871.0
a 459 424 581.0
a 460 424 842.0
a 460 502 796.0
a 460 490 766.0
a 461 503 7730.0
a 461 426 5393.0
a 461 504 807.0
a 462 427 788.0
a 462 505 1275.0
a 462 506 610.0
a 463 464 796.0
a 463 507 1427.0
a 463 427 890.0
a 464 428 747.0
a 464 508 1502.0
a 464 463 796.0
a 465 428 1303.0
a 466 429 443.0
a 467 429 2948.0
a 467 429 2948.0
a 468 430 5839.0
a 469 509 2336.0
a 469 430 9482.0
a 470 431 718.0
a 470 510 924.0
a 470 471 232.0
a 471 511 1177.0
a 471 431 759.0
a 471 470 232.0
a 471 512 835.0
a 472 432 488.0
a 472 511 680.0
a 472 513 752.0
a 473 514 2110.0
a 473 433 1336.0
a 473 515 1902.0
a 474 515 878.0
a 474 516 1855.0
a 474 475 751.0
a 474 515 878.0
a 474 475 751.0
a 474 433 3118.0
a 475 474 751.0
a 475 477 807.0
a 475 517 1762.0
a 475 474 751.0
a 475 477 807.0
a 475 434 3310.0
a 476 435 738.0
a 476 480 810.0
a 476 436 1623.0
a 476 518 3397.0
a 477 475 807.0
a 477 518 738.0
a 477 519 1810.0
a 477 475 807.0
a 477 518 738.0
a 477 435 3397.0
a 478 480 1484.0
a 478 436 807.0
a 478 482 738.0
a 479 520 1714.0
a 479 437 613.0
a 479 439 1008.0
a 480 476 810.0
a 480 478 1484.0
a 480 438 738.0
a 480 521 3593.0
a 481 521 762.0
a 481 520 829.0
a 481 521 762.0
a 481 520 829.0
a 481 438 3625.0
a 482 478 738.0
a 482 522 429.0
a 482 438 1484.0
a 483 484 604.0
a 483 520 1095.0
a 483 484 604.0
a 483 520 1095.0
a 483 439 1687.0
a 484 483 604.0
a 484 485 2175.0
a 484 441 321.0
a 484 483 604.0
a 484 441 321.0
a 485 523 997.0
a 485 484 2175.0
a 485 442 810.0
a 485 524 1395.0
a 486 442 1672.0
a 487 443 279.0
a 487 444 677.0
a 487 525 747.0
a 488 526 789.0
a 488 443 821.0
a 489 527 738.0
a 489 528 884.0
a 489 444 3716.0
a 490 458 1742.0
a 490 460 766.0
a 490 529 1032.0
a 490 445 940.0
a 491 445 1827.0
a 491 529 630.0
a 491 530 581.0
a 491 446 517.0
a 492 447 709.0
a 493 531 905.0
a 493 532 1161.0
a 493 448 435.0
a 494 448 333.0
a 494 533 581.0
a 494 534 1064.0
a 495 449 562.0
a 495 533 1799.0
a 495 535 1032.0
a 496 451 581.0
a 496 535 2340.0
a 496 536 2864.0
a 496 537 796.0
a 497 452 1344.0
a 497 538 1467.0
a 498 453 355.0
a 498 539 1114.0
a 498 540 572.0
a 499 454 2751.0
a 499 541 512.0
a 499 542 2043.0
a 500 458 2216.0
a 501 459 333.0
a 501 543 2928.0
a 502 459 871.0
a 502 460 796.0
a 502 529 683.0
a 503 461 7730.0
a 504 461 807.0
a 505 462 1275.0
a 505 544 650.0
a 506 545 848.0
a 506 462 610.0
a 506 544 1342.0
a 507 463 1427.0
a 508 464 1502.0
a 509 469 2336.0
a 509 546 1398.0
a 509 547 5974.0
a 509 548 5423.0
a 510 470 924.0
a 511 471 1177.0
a 511 513 248.0
a 511 472 680.0
a 512 549 1348.0
a 512 550 1568.0
a 512 551 939.0
a 512 471 835.0
a 513 511 248.0
a 513 552 358.0
a 513 549 272.0
a 513 472 752.0
a 514 515 612.0
a 514 553 1769.0
a 514 554 633.0
a 514 515 612.0
a 514 554 633.0
a 514 473 2110.0
a 515 514 612.0
a 515 474 878.0
a 515 555 1951.0
a 515 514 612.0
a 515 474 878.0
a 515 473 1902.0
a 516 556 403.0
a 516 474 1855.0
a 516 517 807.0
a 517 557 1577.0
a 517 516 807.0
a 517 475 1762.0
a 517 519 677.0
a 518 477 738.0
a 518 558 1855.0
a 518 521 565.0
a 518 477 738.0
a 518 521 565.0
a 518 476 3397.0
a 519 517 677.0
a 519 477 1810.0
a 519 558 807.0
a 519 559 1952.0
a 520 481 829.0
a 520 483 1095.0
a 520 481 829.0
a 520 483 1095.0
a 520 479 1714.0
a 521 560 954.0
a 521 518 565.0
a 521 481 762.0
a 521 518 565.0
a 521 481 762.0
a 521 480 3593.0
a 522 482 429.0
a 523 560 2599.0
a 523 485 997.0
a 523 560 2599.0
a 524 561 3488.0
a 524 485 1395.0
a 524 526 884.0
a 525 562 1502.0
a 525 563 927.0
a 525 487 747.0
a 526 524 884.0
a 526 488 789.0
a 526 564 279.0
a 527 565 1555.0
a 527 566 418.0
a 527 489 738.0
a 527 567 373.0
a 528 489 884.0
a 529 502 683.0
a 529 490 1032.0
a 529 491 630.0
a 530 491 581.0
a 530 568 475.0
a 531 569 709.0
a 531 570 2063.0
a 531 493 905.0
a 532 493 1161.0
a 532 571 517.0
a 532 572 818.0
a 533 494 581.0
a 533 495 1799.0
a 533 573 1014.0
a 533 574 314.0
a 534 494 1064.0
a 535 495 1032.0
a 535 496 2340.0
a 535 573 1882.0
a 535 575 667.0
a 536 496 2864.0
a 536 576 344.0
a 537 496 796.0
a 537 577 1117.0
a 537 578 672.0
a 537 576 2833.0
a 538 497 1467.0
a 538 579 1905.0
a 538 580 222.0
a 539 498 1114.0
a 539 581 1576.0
a 540 498 572.0
a 540 582 137.0
a 540 583 319.0
a 541 584 4989.0
a 541 585 1545.0
a 541 499 512.0
a 542 586 992.0
a 542 499 2043.0
a 542 587 2255.0
a 543 501 2928.0
a 543 588 204.0
a 543 589 2258.0
a 544 506 1342.0
a 544 505 650.0
a 544 590 1022.0
a 545 506 848.0
a 545 590 1427.0
a 545 591 780.0
a 546 509 1398.0
a 546 592 18337.0
a 547 593 796.0
a 547 509 5974.0
a 548 509 5423.0
a 548 594 5005.0
a 549 512 1348.0
a 549 595 303.0
a 549 513 272.0
a 550 512 1568.0
a 551 512 939.0
a 552 595 46.0
a 552 596 79.0
a 552 513 358.0
a 553 597 2321.0
a 553 514 1769.0
a 553 598 476.0
a 554 599 307.0
a 554 514 633.0
a 554 599 307.0
a 554 514 633.0
a 555 598 403.0
a 555 515 1951.0
a 555 556 336.0
a 556 555 336.0
a 556 516 403.0
a 556 600 1484.0
a 557 517 1577.0
a 557 601 558.0
a 557 602 924.0
a 558 519 807.0
a 558 518 1855.0
a 558 561 1975.0
a 559 601 810.0
a 559 519 1952.0
a 559 561 1008.0
a 560 521 954.0
a 560 523 2599.0
a 560 523 2599.0
a 561 559 1008.0
a 561 558 1975.0
a 561 524 3488.0
a 561 603 927.0
a 562 604 373.0
a 562 564 418.0
a 562 525 1502.0
a 563 605 1555.0
a 563 525 927.0
a 563 606 279.0
a 564 603 3428.0
a 564 526 279.0
a 564 562 418.0
a 565 607 807.0
a 565 608 1299.0
a 565 609 713.0
a 565 527 1555.0
a 566 527 418.0
a 567 527 373.0
a 568 569 828.0
a 568 589 2171.0
a 568 530 475.0
a 569 568 828.0
a 569 610 562.0
a 569 611 2063.0
a 569 531 709.0
a 570 611 709.0
a 570 531 2063.0
a 570 612 1114.0
a 570 572 790.0
a 571 532 517.0
a 571 574 107.0
a 572 570 790.0
a 572 532 818.0
a 572 613 581.0
a 572 614 709.0
a 573 533 1014.0
a 573 614 683.0
a 573 615 713.0
a 573 535 1882.0
a 574 571 107.0
a 574 533 314.0
a 575 535 667.0
a 575 615 1634.0
a 575 616 818.0
a 575 577 1365.0
a 576 536 344.0
a 576 537 2833.0
a 576 617 688.0
a 577 575 1365.0
a 577 618 782.0
a 577 537 1117.0
a 578 537 672.0
a 578 619 552.0
a 578 620 905.0
a 578 617 2916.0
a 579 621 766.0
a 579 622 1467.0
a 579 538 1905.0
a 580 538 222.0
a 580 623 1357.0
a 580 581 933.0
a 581 539 1576.0
a 581 580 933.0
a 581 624 1344.0
a 582 540 137.0
a 583 540 319.0
a 584 625 168.0
a 584 541 4989.0
a 585 626 773.0
a 585 541 1545.0
a 586 627 2759.0
a 586 542 992.0
a 586 628 151.0
a 587 542 2255.0
a 588 543 204.0
a 588 629 72.0
a 588 630 291.0
a 589 543 2258.0
a 589 568 2171.0
a 589 611 790.0
a 589 631 818.0
a 590 545 1427.0
a 590 544 1022.0
a 591 632 2307.0
a 591 545 780.0
a 591 633 1175.0
a 592 634 11.0
a 592 546 18337.0
a 593 547 796.0
a 593 635 1140.0
a 594 548 5005.0
a 594 636 7717.0
a 594 637 2361.0
a 594 638 5562.0
a 595 552 46.0
a 595 639 1057.0
a 595 596 95.0
a 595 549 303.0
a 596 640 1953.0
a 596 552 79.0
a 596 595 95.0
a 597 553 2321.0
a 597 641 1074.0
a 597 642 1395.0
a 598 643 1299.0
a 598 553 476.0
a 598 555 403.0
a 599 554 307.0
a 599 644 157.0
a 599 554 307.0
a 599 644 157.0
a 600 556 1484.0
a 601 557 558.0
a 601 602 739.0
a 601 559 810.0
a 602 641 738.0
a 602 557 924.0
a 602 601 739.0
a 602 645 650.0
a 603 645 2562.0
a 603 646 697.0
a 603 561 927.0
a 603 564 3428.0
a 604 646 3368.0
a 604 605 650.0
a 604 562 373.0
a 605 647 3297.0
a 605 604 650.0
a 605 563 1555.0
a 605 648 511.0
a 606 563 279.0
a 607 649 673.0
a 607 650 1258.0
a 607 565 807.0
a 607 651 1299.0
a 608 651 807.0
a 608 652 747.0
a 608 565 1299.0
a 609 653 558.0
a 609 654 1281.0
a 609 565 713.0
a 610 569 562.0
a 611 569 2063.0
a 611 589 790.0
a 611 570 709.0
a 611 655 1124.0
a 612 570 1114.0
a 612 656 1055.0
a 613 657 237.0
a 613 572 581.0
a 613 658 562.0
a 614 572 709.0
a 614 573 683.0
a 615 573 713.0
a 615 659 796.0
a 615 575 1634.0
a 615 660 1251.0
a 616 575 818.0
a 616 659 1716.0
a 616 661 818.0
a 617 576 688.0
a 617 578 2916.0
a 617 621 924.0
a 618 577 782.0
a 618 662 600.0
a 618 663 796.0
a 619 578 552.0
a 620 578 905.0
a 620 663 1117.0
a 620 664 796.0
a 620 665 517.0
a 621 617 924.0
a 621 666 1965.0
a 621 579 766.0
a 621 667 829.0
a 622 579 1467.0
a 622 668 871.0
a 622 669 1100.0
a 623 580 1357.0
a 623 669 790.0
a 623 624 849.0
a 624 581 1344.0
a 624 623 849.0
a 624 670 511.0
a 624 671 1271.0
a 625 584 168.0
a 625 672 1282.0
a 626 585 773.0
a 627 586 2759.0
a 628 673 1699.0
a 628 586 151.0
a 629 674 435.0
a 629 630 321.0
a 629 588 72.0
a 630 675 461.0
a 630 629 321.0
a 630 588 291.0
a 631 675 2288.0
a 631 589 818.0
a 631 676 344.0
a 632 677 848.0
a 632 591 2307.0
a 632 678 1342.0
a 633 591 1175.0
a 633 679 91.0
a 634 592 11.0
a 634 680 1613.0
a 634 681 10.0
a 635 593 1140.0
a 635 682 452.0
a 636 594 7717.0
a 636 683 3369.0
a 637 684 1027.0
a 637 594 2361.0
a 638 594 5562.0
a 638 685 475.0
a 639 595 1057.0
a 640 596 1953.0
a 641 597 1074.0
a 641 686 1396.0
a 641 687 612.0
a 641 602 738.0
a 642 688 1731.0
a 642 597 1395.0
a 642 686 1074.0
a 643 598 1299.0
a 644 599 157.0
a 644 689 50.0
a 644 599 157.0
a 644 689 50.0
a 645 690 836.0
a 645 602 650.0
a 645 603 2562.0
a 646 690 2552.0
a 646 647 697.0
a 646 603 697.0
a 646 604 3368.0
a 647 691 2684.0
a 647 692 1066.0
a 647 646 697.0
a 647 605 3297.0
a 648 653 373.0
a 648 605 511.0
a 648 693 1427.0
a 649 694 827.0
a 649 695 1258.0
a 649 607 673.0
a 649 696 1258.0
a 650 695 673.0
a 650 653 807.0
a 650 607 1258.0
a 651 696 738.0
a 651 607 1299.0
a 651 608 807.0
a 652 697 1544.0
a 652 608 747.0
a 652 698 650.0
a 653 650 807.0
a 653 648 373.0
a 653 609 558.0
a 654 609 1281.0
a 655 611 1124.0
a 655 699 1055.0
a 656 612 1055.0
a 656 699 790.0
a 656 700 1161.0
a 656 701 1268.0
a 657 702 276.0
a 657 613 237.0
a 658 703 206.0
a 658 701 688.0
a 658 613 562.0
a 658 660 465.0
a 659 615 796.0
a 659 701 1698.0
a 659 704 796.0
a 659 616 1716.0
a 660 615 1251.0
a 660 658 465.0
a 661 616 818.0
a 661 704 1799.0
a 661 705 778.0
a 661 663 1117.0
a 662 618 600.0
a 663 618 796.0
a 663 661 1117.0
a 663 706 1592.0
a 663 620 1117.0
a 664 620 796.0
a 664 707 600.0
a 664 708 905.0
a 665 620 517.0
a 665 709 1675.0
a 665 666 517.0
a 666 665 517.0
a 666 710 796.0
a 666 621 1965.0
a 667 668 735.0
a 667 621 829.0
a 668 667 735.0
a 668 711 1064.0
a 668 712 818.0
a 668 622 871.0
a 669 622 1100.0
a 669 713 1299.0
a 669 623 790.0
a 670 624 511.0
a 670 713 1546.0
a 670 714 1933.0
a 671 715 1257.0
a 671 673 963.0
a 671 624 1271.0
a 672 625 1282.0
a 672 716 1016.0
a 673 671 963.0
a 673 715 796.0
a 673 628 1699.0
a 674 717 421.0
a 674 629 435.0
a 675 630 461.0
a 675 631 2288.0
a 675 718 796.0
a 676 631 344.0
a 676 719 373.0
a 677 632 848.0
a 677 720 1421.0
a 677 721 890.0
a 678 720 610.0
a 678 632 1342.0
a 678 722 1534.0
a 679 633 91.0
a 680 723 4522.0
a 680 634 1613.0
a 681 634 10.0
a 682 724 1100.0
a 682 725 373.0
a 682 635 452.0
a 683 636 3369.0
a 683 726 1351.0
a 684 727 807.0
a 684 637 1027.0
a 685 638 475.0
a 685 728 2208.0
a 685 729 2531.0
a 686 730 1623.0
a 686 642 1074.0
a 686 641 1396.0
a 686 690 878.0
a 687 641 612.0
a 688 730 1345.0
a 688 642 1731.0
a 688 731 1085.0
a 689 732 196.0
a 689 644 50.0
a 689 732 196.0
a 689 644 50.0
a 690 686 878.0
a 690 645 836.0
a 690 646 2552.0
a 690 691 747.0
a 691 690 747.0
a 691 647 2684.0
a 691 733 927.0
a 692 733 2692.0
a 692 647 1066.0
a 692 695 1745.0
a 692 734 1066.0
a 693 648 1427.0
a 694 734 807.0
a 694 649 827.0
a 694 735 927.0
a 695 692 1745.0
a 695 650 673.0
a 695 649 1258.0
a 696 736 807.0
a 696 697 747.0
a 696 649 1258.0
a 696 651 738.0
a 697 737 807.0
a 697 696 747.0
a 697 652 1544.0
a 698 738 2420.0
a 698 739 848.0
a 698 652 650.0
a 699 655 1055.0
a 699 740 1483.0
a 699 656 790.0
a 700 656 1161.0
a 700 740 766.0
a 700 741 688.0
a 700 742 1799.0
a 701 658 688.0
a 701 656 1268.0
a 701 742 905.0
a 701 659 1698.0
a 702 703 108.0
a 702 657 276.0
a 703 658 206.0
a 703 743 281.0
a 703 702 108.0
a 703 744 229.0
a 704 659 796.0
a 704 742 1716.0
a 704 745 672.0
a 704 661 1799.0
a 705 661 778.0
a 705 745 1698.0
a 705 746 796.0
a 706 663 1592.0
a 706 747 337.0
a 706 748 337.0
a 707 664 600.0
a 708 664 905.0
a 708 748 766.0
a 708 709 355.0
a 709 665 1675.0
a 709 708 355.0
a 709 749 818.0
a 709 750 683.0
a 710 666 796.0
a 710 750 905.0
a 710 751 1532.0
a 711 750 766.0
a 711 752 688.0
a 711 668 1064.0
a 712 668 818.0
a 712 752 1117.0
a 712 753 818.0
a 713 669 1299.0
a 713 670 1546.0
a 714 670 1933.0
a 715 671 1257.0
a 715 673 796.0
a 716 672 1016.0
a 716 754 984.0
a 716 755 421.0
a 716 756 1258.0
a 717 757 153.0
a 717 674 421.0
a 718 758 452.0
a 718 759 1499.0
a 718 675 796.0
a 719 759 849.0
a 719 676 373.0
a 719 760 373.0
a 720 761 1066.0
a 720 678 610.0
a 720 677 1421.0
a 721 761 1275.0
a 721 762 7488.0
a 721 677 890.0
a 722 678 1534.0
a 723 680 4522.0
a 723 763 2955.0
a 724 764 1716.0
a 724 682 1100.0
a 725 682 373.0
a 725 765 1248.0
a 726 683 1351.0
a 726 766 1684.0
a 727 767 3758.0
a 727 684 807.0
a 728 685 2208.0
a 729 685 2531.0
a 729 768 279.0
a 730 688 1345.0
a 730 686 1623.0
a 730 733 751.0
a 731 688 1085.0
a 731 769 677.0
a 731 770 1560.0
a 732 689 196.0
a 732 771 403.0
a 732 689 196.0
a 733 730 751.0
a 733 772 1206.0
a 733 691 927.0
a 733 692 2692.0
a 734 773 1008.0
a 734 774 1394.0
a 734 692 1066.0
a 734 694 807.0
a 735 694 927.0
a 736 696 807.0
a 736 774 605.0
a 737 775 552.0
a 737 697 807.0
a 737 738 610.0
a 738 776 1412.0
a 738 737 610.0
a 738 698 2420.0
a 738 777 836.0
a 739 777 2218.0
a 739 698 848.0
a 739 778 697.0
a 740 699 1483.0
a 740 700 766.0
a 740 779 44.0
a 741 700 688.0
a 741 780 790.0
a 741 781 796.0
a 741 782 1782.0
a 742 701 905.0
a 742 700 1799.0
a 742 782 796.0
a 742 704 1716.0
a 743 703 281.0
a 744 703 229.0
a 745 704 672.0
a 745 782 1660.0
a 745 783 905.0
a 745 705 1698.0
a 746 705 796.0
a 746 783 1716.0
a 746 784 782.0
a 746 747 952.0
a 747 746 952.0
a 747 785 2590.0
a 747 706 337.0
a 748 706 337.0
a 748 786 796.0
a 748 708 766.0
a 749 709 818.0
a 749 786 1199.0
a 749 787 688.0
a 749 752 1388.0
a 750 710 905.0
a 750 709 683.0
a 750 711 766.0
a 751 710 1532.0
a 752 711 688.0
a 752 749 1388.0
a 752 788 818.0
a 752 712 1117.0
a 753 712 818.0
a 753 788 1117.0
a 753 789 688.0
a 754 716 984.0
a 754 790 111.0
a 755 716 421.0
a 755 791 849.0
a 756 716 1258.0
a 756 792 1458.0
a 757 793 530.0
a 757 717 153.0
a 758 718 452.0
a 758 794 238.0
a 758 795 1499.0
a 759 718 1499.0
a 759 719 849.0
a 760 796 222.0
a 760 719 373.0
a 761 721 1275.0
a 761 720 1066.0
a 762 797 2605.0
a 762 798 1138.0
a 762 721 7488.0
a 763 799 2292.0
a 763 723 2955.0
a 764 800 766.0
a 764 724 1716.0
a 765 801 238.0
a 765 725 1248.0
a 766 726 1684.0
a 766 802 2191.0
a 767 727 3758.0
a 767 803 202.0
a 768 729 279.0
a 768 804 612.0
a 768 805 1027.0
a 769 731 677.0
a 769 806 836.0
a 769 807 873.0
a 770 808 1120.0
a 770 731 1560.0
a 770 809 1073.0
a 771 810 276.0
a 771 732 403.0
a 772 807 751.0
a 772 811 873.0
a 772 733 1206.0
a 772 812 1345.0
a 773 811 807.0
a 773 734 1008.0
a 773 813 976.0
a 774 814 939.0
a 774 734 1394.0
a 774 775 650.0
a 774 736 605.0
a 775 815 939.0
a 775 774 650.0
a 775 737 552.0
a 776 816 939.0
a 776 815 650.0
a 776 738 1412.0
a 777 817 2562.0
a 777 738 836.0
a 777 739 2218.0
a 777 818 650.0
a 778 818 2289.0
a 778 739 697.0
a 778 819 511.0
a 779 820 638.0
a 779 740 44.0
a 779 821 888.0
a 780 822 253.0
a 780 741 790.0
a 781 741 796.0
a 781 823 600.0
a 781 824 1799.0
a 782 742 796.0
a 782 741 1782.0
a 782 824 688.0
a 782 745 1660.0
a 783 745 905.0
a 783 825 790.0
a 783 826 1344.0
a 783 746 1716.0
a 784 746 782.0
a 784 827 337.0
a 784 828 782.0
a 785 747 2590.0
a 785 829 1094.0
a 785 830 688.0
a 786 748 796.0
a 786 831 688.0
a 786 749 1199.0
a 787 749 688.0
a 787 831 1199.0
a 787 832 796.0
a 787 788 1448.0
a 788 752 818.0
a 788 787 1448.0
a 788 833 713.0
a 788 753 1117.0
a 789 753 688.0
a 789 833 1034.0
a 789 834 818.0
a 790 835 1140.0
a 790 754 111.0
a 791 755 849.0
a 791 836 2939.0
a 792 756 1458.0
a 792 837 848.0
a 793 838 1080.0
a 793 757 530.0
a 794 758 238.0
a 794 839 556.0
a 795 758 1499.0
a 795 796 790.0
a 796 795 790.0
a 796 760 222.0
a 796 840 562.0
a 797 841 789.0
a 797 762 2605.0
a 798 842 1518.0
a 798 762 1138.0
a 798 843 237.0
a 799 763 2292.0
a 799 844 2082.0
a 800 764 766.0
a 800 835 2031.0
a 801 845 796.0
a 801 765 238.0
a 802 766 2191.0
a 802 846 10869.0
a 803 847 202.0
a 803 767 202.0
a 804 768 612.0
a 804 848 1811.0
a 804 849 558.0
a 805 768 1027.0
a 805 850 2014.0
a 806 769 836.0
a 807 769 873.0
a 807 851 927.0
a 807 772 751.0
a 808 852 939.0
a 808 770 1120.0
a 808 853 747.0
a 809 854 1168.0
a 809 770 1073.0
a 809 855 807.0
a 810 856 7283.0
a 810 857 252.0
a 810 858 475.0
a 810 771 276.0
a 811 772 873.0
a 811 773 807.0
a 811 859 1395.0
a 812 855 738.0
a 812 772 1345.0
a 812 859 738.0
a 812 860 1254.0
a 813 773 976.0
a 814 861 214.0
a 814 774 939.0
a 814 815 650.0
a 815 776 650.0
a 815 814 650.0
a 815 775 939.0
a 816 860 751.0
a 816 817 713.0
a 816 859 1394.0
a 816 776 939.0
a 817 862 605.0
a 817 863 650.0
a 817 816 713.0
a 817 777 2562.0
a 818 863 2562.0
a 818 777 650.0
a 818 778 2289.0
a 818 864 650.0
a 819 864 2281.0
a 819 778 511.0
