c this file is generated automatically by dimacs_tools software
c 
c graph contains 34 nodes and 90 arcs
p sp 34 90
c 
a 1 2 751.0
a 1 3 2690.0
a 1 4 2782.0
a 1 5 873.0
a 2 6 1275.0
a 2 7 1426.0
a 2 1 751.0
a 2 8 1188.0
a 3 9 878.0
a 3 10 738.0
a 3 1 2690.0
a 3 11 1763.0
a 4 7 1375.0
a 4 12 552.0
a 4 13 1594.0
a 4 14 738.0
a 4 1 2782.0
a 5 10 2737.0
a 5 1 873.0
a 5 14 2738.0
a 5 15 677.0
a 6 16 2149.0
a 6 2 1275.0
a 6 17 1577.0
a 7 2 1426.0
a 7 17 1555.0
a 7 4 1375.0
a 8 18 3088.0
a 8 19 1664.0
a 8 2 1188.0
a 9 19 537.0
a 9 3 878.0
a 9 20 1902.0
a 10 3 738.0
a 10 21 807.0
a 10 5 2737.0
a 10 22 1673.0
a 11 3 1763.0
a 12 23 738.0
a 12 24 1533.0
a 12 4 552.0
a 13 24 878.0
a 13 4 1594.0
a 13 25 1120.0
a 14 4 738.0
a 14 26 2653.0
a 14 27 738.0
a 14 5 2738.0
a 15 21 2690.0
a 15 5 677.0
a 15 27 2829.0
a 15 28 738.0
a 16 29 788.0
a 16 6 2149.0
a 16 18 1115.0
a 17 30 2147.0
a 17 6 1577.0
a 17 31 1255.0
a 17 7 1555.0
a 18 32 1577.0
a 18 16 1115.0
a 18 8 3088.0
a 19 33 1141.0
a 19 34 1426.0
a 19 8 1664.0
a 19 9 537.0
a 20 9 1902.0
a 21 10 807.0
a 21 15 2690.0
a 22 10 1673.0
a 23 31 807.0
a 23 12 738.0
a 24 13 878.0
a 24 12 1533.0
a 25 26 605.0
a 25 13 1120.0
a 26 25 605.0
a 26 14 2653.0
a 27 14 738.0
a 27 15 2829.0
a 28 15 738.0
a 29 30 650.0
a 29 16 788.0
a 30 17 2147.0
a 30 29 650.0
a 31 23 807.0
a 31 17 1255.0
a 32 18 1577.0
a 33 19 1141.0
a 34 19 1426.0
