c this file is generated automatically by dimacs_tools software
c 
c graph contains 131 nodes and 384 arcs
p sp 131 384
c 
a 1 2 1878.0
a 1 3 6724.0
a 1 4 6956.0
a 1 5 2182.0
a 2 6 3187.0
a 2 7 2377.0
a 2 1 1878.0
a 2 8 1980.0
a 3 9 2196.0
a 3 10 1845.0
a 3 1 6724.0
a 3 11 4407.0
a 4 7 2292.0
a 4 12 1379.0
a 4 13 2656.0
a 4 14 1845.0
a 4 1 6956.0
a 5 10 6843.0
a 5 1 2182.0
a 5 14 6845.0
a 5 15 1692.0
a 6 16 5372.0
a 6 2 3187.0
a 6 17 3942.0
a 7 2 2377.0
a 7 17 3888.0
a 7 4 2292.0
a 8 18 7720.0
a 8 19 2773.0
a 8 2 1980.0
a 9 19 1342.0
a 9 3 2196.0
a 9 20 4755.0
a 10 3 1845.0
a 10 21 2017.0
a 10 5 6843.0
a 10 22 4182.0
a 11 3 4407.0
a 12 23 1845.0
a 12 24 3834.0
a 12 4 1379.0
a 13 24 2196.0
a 13 4 2656.0
a 13 25 1867.0
a 14 4 1845.0
a 14 26 6633.0
a 14 27 1845.0
a 14 5 6845.0
a 15 21 6724.0
a 15 5 1692.0
a 15 27 7072.0
a 15 28 1845.0
a 16 29 1971.0
a 16 6 5372.0
a 16 18 2788.0
a 17 30 5369.0
a 17 6 3942.0
a 17 31 3136.0
a 17 7 3888.0
a 18 32 3942.0
a 18 16 2788.0
a 18 8 7720.0
a 19 33 2852.0
a 19 34 2377.0
a 19 8 2773.0
a 19 9 1342.0
a 20 9 4755.0
a 21 10 2017.0
a 21 35 1845.0
a 21 15 6724.0
a 21 36 3835.0
a 22 37 2320.0
a 22 10 4182.0
a 23 31 2017.0
a 23 38 3964.0
a 23 12 1845.0
a 24 38 2017.0
a 24 39 3052.0
a 24 13 2196.0
a 24 12 3834.0
a 25 39 2069.0
a 25 40 2556.0
a 25 26 1513.0
a 25 13 1867.0
a 26 25 1513.0
a 26 41 3732.0
a 26 42 2069.0
a 26 14 6633.0
a 27 14 1845.0
a 27 42 6193.0
a 27 43 2017.0
a 27 15 7072.0
a 28 35 6724.0
a 28 15 1845.0
a 28 43 6956.0
a 28 44 2196.0
a 29 45 1513.0
a 29 30 1624.0
a 29 16 1971.0
a 30 46 3362.0
a 30 17 5369.0
a 30 29 1624.0
a 31 47 3187.0
a 31 48 3136.0
a 31 23 2017.0
a 31 17 3136.0
a 32 49 2017.0
a 32 50 3833.0
a 32 51 2017.0
a 32 18 3942.0
a 33 51 2017.0
a 33 19 2852.0
a 33 52 3595.0
a 34 52 2182.0
a 34 19 2377.0
a 34 53 1188.0
a 35 21 1845.0
a 35 54 3711.0
a 35 55 2197.0
a 35 28 6724.0
a 36 21 3835.0
a 36 56 2318.0
a 37 57 2019.0
a 37 22 2320.0
a 37 56 2024.0
a 37 58 4182.0
a 38 59 1574.0
a 38 23 3964.0
a 38 60 3144.0
a 38 24 2017.0
a 39 60 2196.0
a 39 24 3052.0
a 39 61 3834.0
a 39 25 2069.0
a 40 61 2069.0
a 40 25 2556.0
a 40 62 1702.0
a 40 41 1691.0
a 41 40 1691.0
a 41 63 2556.0
a 41 26 3732.0
a 42 26 2069.0
a 42 64 1523.0
a 42 27 6193.0
a 43 27 2017.0
a 43 65 7467.0
a 43 66 2017.0
a 43 28 6956.0
a 44 55 6725.0
a 44 28 2196.0
a 44 66 7072.0
a 44 67 2025.0
a 45 68 1045.0
a 45 29 1513.0
a 45 69 1526.0
a 46 30 3362.0
a 46 70 1971.0
a 46 47 2017.0
a 47 46 2017.0
a 47 71 3362.0
a 47 31 3187.0
a 48 72 2196.0
a 48 59 1188.0
a 48 31 3136.0
a 49 73 9650.0
a 49 74 1184.0
a 49 75 9060.0
a 49 32 2017.0
a 50 32 3833.0
a 50 76 1682.0
a 50 77 2211.0
a 51 32 2017.0
a 51 33 2017.0
a 51 76 3595.0
a 52 76 2017.0
a 52 33 3595.0
a 52 34 2182.0
a 53 78 1017.0
a 53 34 1188.0
a 54 35 3711.0
a 54 79 2439.0
a 55 35 2197.0
a 55 44 6725.0
a 55 80 2017.0
a 55 81 3362.0
a 56 37 2024.0
a 56 36 2318.0
a 56 79 1845.0
a 56 82 4182.0
a 57 83 1845.0
a 57 37 2019.0
a 57 84 4183.0
a 58 84 2017.0
a 58 37 4182.0
a 58 82 2024.0
a 58 85 5800.0
a 59 48 1188.0
a 59 86 3014.0
a 59 38 1574.0
a 60 86 1878.0
a 60 87 3645.0
a 60 39 2196.0
a 60 38 3144.0
a 61 87 1845.0
a 61 88 3732.0
a 61 40 2069.0
a 61 39 3834.0
a 62 89 968.0
a 62 63 1692.0
a 62 40 1702.0
a 63 62 1692.0
a 63 41 2556.0
a 63 90 7469.0
a 63 91 2349.0
a 64 65 1878.0
a 64 91 5260.0
a 64 42 1523.0
a 65 64 1878.0
a 65 92 2196.0
a 65 43 7467.0
a 66 43 2017.0
a 66 92 7374.0
a 66 93 2017.0
a 66 44 7072.0
a 67 44 2025.0
a 67 93 6724.0
a 67 94 2197.0
a 67 80 7074.0
a 68 45 1045.0
a 69 45 1526.0
a 70 95 2699.0
a 70 96 1526.0
a 70 46 1971.0
a 71 96 1692.0
a 71 72 841.0
a 71 47 3362.0
a 72 71 841.0
a 72 97 4078.0
a 72 48 2196.0
a 73 49 9650.0
a 73 98 1878.0
a 73 99 4728.0
a 73 75 1190.0
a 74 100 6273.0
a 74 101 1526.0
a 74 49 1184.0
a 75 73 1190.0
a 75 102 841.0
a 75 49 9060.0
a 76 50 1682.0
a 76 51 3595.0
a 76 52 2017.0
a 77 103 3014.0
a 77 50 2211.0
a 78 104 1540.0
a 78 53 1017.0
a 78 83 3187.0
a 79 56 1845.0
a 79 105 4407.0
a 79 54 2439.0
a 80 55 2017.0
a 80 106 3014.0
a 80 67 7074.0
a 80 107 2182.0
a 81 108 2788.0
a 81 55 3362.0
a 82 58 2024.0
a 82 56 4182.0
a 82 105 1692.0
a 82 109 6148.0
a 83 78 3187.0
a 83 110 2211.0
a 83 57 1845.0
a 84 111 2019.0
a 84 57 4183.0
a 84 58 2017.0
a 84 112 4289.0
a 85 113 2024.0
a 85 114 3485.0
a 85 58 5800.0
a 85 109 2017.0
a 86 97 2017.0
a 86 59 3014.0
a 86 115 3735.0
a 86 60 1878.0
a 87 115 2069.0
a 87 60 3645.0
a 87 116 4078.0
a 87 61 1845.0
a 88 116 1877.0
a 88 61 3732.0
a 88 117 6289.0
a 88 89 2196.0
a 89 62 968.0
a 89 88 2196.0
a 89 118 4030.0
a 90 118 1692.0
a 90 119 2263.0
a 90 120 3645.0
a 90 63 7469.0
a 91 64 5260.0
a 91 63 2349.0
a 91 119 6879.0
a 91 121 2176.0
a 92 65 2196.0
a 92 122 1845.0
a 92 66 7374.0
a 93 66 2017.0
a 93 122 7467.0
a 93 123 2016.0
a 93 67 6724.0
a 94 67 2197.0
a 94 123 6844.0
a 94 124 1845.0
a 94 125 2091.0
a 95 126 2749.0
a 95 127 2666.0
a 95 70 2699.0
a 96 70 1526.0
a 96 128 1278.0
a 96 71 1692.0
a 97 129 3985.0
a 97 86 2017.0
a 97 72 4078.0
a 98 130 8653.0
a 98 73 1878.0
a 98 99 4159.0
a 99 131 9189.0
a 99 98 4159.0
a 99 73 4728.0
a 100 74 6273.0
a 101 74 1526.0
a 102 75 841.0
a 103 77 3014.0
a 104 78 1540.0
a 104 110 3690.0
a 105 82 1692.0
a 105 79 4407.0
a 106 80 3014.0
a 107 80 2182.0
a 108 81 2788.0
a 109 85 2017.0
a 109 82 6148.0
a 110 104 3690.0
a 110 83 2211.0
a 110 111 1877.0
a 111 110 1877.0
a 111 84 2019.0
a 112 113 1877.0
a 112 84 4289.0
a 113 112 1877.0
a 113 85 2024.0
a 114 85 3485.0
a 115 129 1878.0
a 115 87 2069.0
a 115 86 3735.0
a 116 88 1877.0
a 116 87 4078.0
a 117 118 2069.0
a 117 88 6289.0
a 118 117 2069.0
a 118 90 1692.0
a 118 89 4030.0
a 119 90 2263.0
a 119 91 6879.0
a 120 90 3645.0
a 121 91 2176.0
a 122 92 1845.0
a 122 93 7467.0
a 123 93 2016.0
a 123 94 6844.0
a 124 94 1845.0
a 125 94 2091.0
a 126 130 1379.0
a 126 95 2749.0
a 127 128 3025.0
a 127 95 2666.0
a 128 127 3025.0
a 128 96 1278.0
a 129 97 3985.0
a 129 115 1878.0
a 130 126 1379.0
a 130 98 8653.0
a 131 99 9189.0
